base: array([12,  2,  9,  1]), list: [0.717, 0.717, 0.717]
base: array([ 1,  2, 11,  7]), list: [0.647, 0.647, 0.647]
base: array([2, 7, 4, 2]), list: [0.736, 0.736, 0.736]
base: array([1, 6, 5, 4]), list: [0.871, 0.871, 0.871]
base: array([7, 9, 1, 7]), list: [0.888, 0.888, 0.888]
base: array([ 3,  7,  2, 10]), list: [0.86, 0.86, 0.86]
base: array([10,  7, 10, 12]), list: [0.691, 0.691, 0.691]
base: array([ 3,  7,  2, 10]), list: [0.86, 0.86, 0.86]
base: array([ 7, 10,  5,  2]), list: [0.824, 0.824, 0.824]
base: array([10,  8, 12,  5]), list: [0.853, 0.853, 0.853]
base: array([ 7, 10,  5,  2]), list: [0.824, 0.824, 0.824]
base: array([3, 8, 2, 4]), list: [0.799, 0.799, 0.799]
base: array([11, 10,  4,  7]), list: [0.744, 0.744, 0.744]
base: array([ 9,  9,  6, 12]), list: [0.802, 0.802, 0.802]
ga plot: [(7, (9, 9), (2, 2)), (1, (7, 7), (2, 2))]
ga plot: [(7, (9, 9), (2, 2)), (1, (7, 7), (2, 2))]
base: array([2, 7, 4, 2]), list: [0.736, 0.736, 0.736]
base: array([1, 6, 5, 4]), list: [0.871, 0.871, 0.871]
base: array([2, 7, 4, 2]), list: [0.736, 0.736, 0.736]
base: array([7, 9, 1, 7]), list: [0.888, 0.888, 0.888]
base: array([ 3,  7,  2, 10]), list: [0.86, 0.86, 0.86]
base: array([ 3,  7,  2, 10]), list: [0.86, 0.86, 0.86]
base: array([10,  7, 10, 12]), list: [0.691, 0.691, 0.691]
base: array([6, 9, 4, 2]), list: [0.864, 0.864, 0.864]
base: array([10,  7, 10, 12]), list: [0.691, 0.691, 0.691]
base: array([2, 7, 1, 4]), list: [0.523, 0.523, 0.523]
base: array([ 7, 10,  5,  2]), list: [0.824, 0.824, 0.824]
base: array([ 7, 10,  5,  2]), list: [0.824, 0.824, 0.824]
ga plot: [(7, (9, 9), (2, 2)), (1, (7, 7), (2, 2))]
ga plot: [(7, (9, 9), (2, 2)), (1, (7, 7), (2, 2))]
base: array([1, 7, 5, 2]), list: [0.864, 0.864, 0.864]
base: array([2, 7, 4, 2]), list: [0.736, 0.736, 0.736]
base: array([2, 6, 4, 4]), list: [0.847, 0.847, 0.847]
base: array([ 3,  7,  2, 10]), list: [0.86, 0.86, 0.86]
base: array([ 3,  7,  2, 10]), list: [0.86, 0.86, 0.86]
base: array([ 7, 10,  5,  2]), list: [0.824, 0.824, 0.824]
base: array([10,  7, 10, 12]), list: [0.691, 0.691, 0.691]
base: array([2, 6, 1, 4]), list: [0.893, 0.893, 0.893]
base: array([2, 7, 1, 4]), list: [0.523, 0.523, 0.523]
base: array([6, 9, 4, 2]), list: [0.864, 0.864, 0.864]
base: array([6, 9, 4, 2]), list: [0.864, 0.864, 0.864]
base: array([2, 7, 1, 4]), list: [0.523, 0.523, 0.523]
ga plot: [(2, (6, 6), (2, 2)), (1, (4, 4), (2, 2))]
ga plot: [(2, (6, 6), (2, 2)), (1, (4, 4), (2, 2))]
base: array([1, 7, 5, 2]), list: [0.864, 0.864, 0.864]
base: array([ 3,  7,  2, 10]), list: [0.86, 0.86, 0.86]
base: array([2, 6, 4, 4]), list: [0.847, 0.847, 0.847]
base: array([10,  7,  2, 12]), list: [0.748, 0.748, 0.748]
base: array([ 3,  7, 10, 10]), list: [0.781, 0.781, 0.781]
base: array([2, 6, 1, 4]), list: [0.893, 0.893, 0.893]
base: array([ 3,  7,  2, 10]), list: [0.86, 0.86, 0.86]
base: array([ 3,  7,  4, 10]), list: [0.848, 0.848, 0.848]
base: array([2, 7, 1, 4]), list: [0.523, 0.523, 0.523]
base: array([6, 9, 2, 2]), list: [0.89, 0.89, 0.89]
base: array([2, 7, 1, 4]), list: [0.523, 0.523, 0.523]
base: array([2, 7, 1, 4]), list: [0.523, 0.523, 0.523]
ga plot: [(2, (6, 6), (2, 2)), (1, (4, 4), (2, 2))]
ga plot: [(2, (6, 6), (2, 2)), (1, (4, 4), (2, 2))]
base: array([1, 7, 5, 2]), list: [0.864, 0.864, 0.864]
base: array([1, 7, 5, 2]), list: [0.864, 0.864, 0.864]
base: array([1, 7, 5, 2]), list: [0.864, 0.864, 0.864]
base: array([ 1,  7,  5, 10]), list: [0.837, 0.837, 0.837]
base: array([3, 7, 2, 2]), list: [0.862, 0.862, 0.862]
base: array([ 3,  7,  2, 10]), list: [0.86, 0.86, 0.86]
base: array([ 3,  7,  2, 10]), list: [0.86, 0.86, 0.86]
base: array([6, 9, 2, 2]), list: [0.89, 0.89, 0.89]
base: array([ 3,  7,  4, 10]), list: [0.848, 0.848, 0.848]
base: array([2, 6, 1, 4]), list: [0.893, 0.893, 0.893]
base: array([6, 9, 2, 2]), list: [0.89, 0.89, 0.89]
base: array([6, 9, 2, 2]), list: [0.89, 0.89, 0.89]
ga plot: [(2, (6, 6), (2, 2)), (1, (4, 4), (2, 2))]
ga plot: [(2, (6, 6), (2, 2)), (1, (4, 4), (2, 2))]
base: array([1, 7, 5, 2]), list: [0.864, 0.864, 0.864]
base: array([1, 7, 5, 2]), list: [0.864, 0.864, 0.864]
base: array([ 3,  7,  2, 10]), list: [0.86, 0.86, 0.86]
base: array([1, 7, 5, 1]), list: [0.747, 0.747, 0.747]
base: array([3, 7, 2, 2]), list: [0.862, 0.862, 0.862]
base: array([6, 9, 2, 2]), list: [0.89, 0.89, 0.89]
base: array([ 3,  7,  2, 10]), list: [0.86, 0.86, 0.86]
base: array([6, 9, 2, 2]), list: [0.89, 0.89, 0.89]
base: array([6, 9, 2, 2]), list: [0.89, 0.89, 0.89]
base: array([2, 6, 1, 4]), list: [0.893, 0.893, 0.893]
base: array([6, 9, 2, 2]), list: [0.89, 0.89, 0.89]
base: array([6, 9, 2, 2]), list: [0.89, 0.89, 0.89]
ga plot: [(2, (6, 6), (2, 2)), (1, (4, 4), (2, 2))]
ga plot: [(2, (6, 6), (2, 2)), (1, (4, 4), (2, 2))]
base: array([1, 7, 5, 2]), list: [0.864, 0.864, 0.864]
base: array([1, 7, 5, 2]), list: [0.864, 0.864, 0.864]
base: array([1, 7, 5, 2]), list: [0.864, 0.864, 0.864]
base: array([1, 7, 5, 2]), list: [0.864, 0.864, 0.864]
base: array([1, 7, 5, 2]), list: [0.864, 0.864, 0.864]
base: array([ 3,  7,  2, 10]), list: [0.86, 0.86, 0.86]
base: array([ 3,  7,  2, 10]), list: [0.86, 0.86, 0.86]
base: array([6, 9, 2, 2]), list: [0.89, 0.89, 0.89]
base: array([2, 6, 1, 2]), list: [0.792, 0.792, 0.792]
base: array([6, 9, 2, 2]), list: [0.89, 0.89, 0.89]
base: array([6, 9, 2, 2]), list: [0.89, 0.89, 0.89]
base: array([6, 9, 2, 4]), list: [0.81, 0.81, 0.81]
ga plot: [(2, (6, 6), (2, 2)), (1, (4, 4), (2, 2))]
ga plot: [(2, (6, 6), (2, 2)), (1, (4, 4), (2, 2))]
base: array([1, 7, 5, 2]), list: [0.864, 0.864, 0.864]
base: array([1, 7, 5, 2]), list: [0.864, 0.864, 0.864]
base: array([1, 7, 5, 2]), list: [0.864, 0.864, 0.864]
base: array([1, 7, 5, 2]), list: [0.864, 0.864, 0.864]
base: array([1, 7, 5, 2]), list: [0.864, 0.864, 0.864]
base: array([1, 7, 5, 2]), list: [0.864, 0.864, 0.864]
base: array([1, 7, 5, 2]), list: [0.864, 0.864, 0.864]
base: array([ 3,  7,  2, 10]), list: [0.86, 0.86, 0.86]
base: array([6, 7, 2, 2]), list: [0.694, 0.694, 0.694]
base: array([6, 9, 2, 2]), list: [0.89, 0.89, 0.89]
base: array([ 3,  9,  2, 10]), list: [0.874, 0.874, 0.874]
base: array([6, 9, 2, 4]), list: [0.81, 0.81, 0.81]
ga plot: [(2, (6, 6), (2, 2)), (1, (4, 4), (2, 2))]
ga plot: [(2, (6, 6), (2, 2)), (1, (4, 4), (2, 2))]
base: array([1, 7, 5, 2]), list: [0.864, 0.864, 0.864]
base: array([1, 7, 5, 2]), list: [0.864, 0.864, 0.864]
base: array([1, 7, 5, 2]), list: [0.864, 0.864, 0.864]
base: array([1, 7, 5, 2]), list: [0.864, 0.864, 0.864]
base: array([1, 7, 5, 2]), list: [0.864, 0.864, 0.864]
base: array([1, 7, 5, 2]), list: [0.864, 0.864, 0.864]
base: array([ 3,  7,  2, 10]), list: [0.86, 0.86, 0.86]
base: array([ 2,  8,  1, 10]), list: [0.74, 0.74, 0.74]
base: array([ 2,  8,  1, 10]), list: [0.74, 0.74, 0.74]
base: array([6, 9, 2, 4]), list: [0.81, 0.81, 0.81]
base: array([6, 9, 2, 4]), list: [0.81, 0.81, 0.81]
base: array([6, 9, 2, 4]), list: [0.81, 0.81, 0.81]
ga plot: [(2, (6, 6), (2, 2)), (1, (4, 4), (2, 2))]
ga plot: [(2, (6, 6), (2, 2)), (1, (4, 4), (2, 2))]
base: array([1, 7, 5, 2]), list: [0.864, 0.864, 0.864]
base: array([1, 7, 5, 2]), list: [0.864, 0.864, 0.864]
base: array([1, 7, 5, 2]), list: [0.864, 0.864, 0.864]
base: array([1, 7, 5, 2]), list: [0.864, 0.864, 0.864]

