base: array([1, 4, 9, 6]), list: [79.66666666666667, 87.25, 84.83333333333333]
base: array([3, 7, 9, 2]), list: [76.54166666666667, 91.75, 93.125]
base: array([ 1,  5, 12,  4]), list: [90.08333333333333, 90.20833333333333, 91.95833333333333]
base: array([10,  3,  4,  2]), list: [10.75, 86.70833333333333, 90.79166666666667]
base: array([ 5, 10, 12,  1]), list: [90.0, 90.45833333333333, 90.79166666666667]
base: array([10, 12,  5,  7]), list: [10.75, 75.125, 55.25]
base: array([7, 4, 2, 9]), list: [10.75, 70.0, 61.0]
base: array([5, 8, 9, 1]), list: [93.66666666666667, 94.125, 93.375]
base: array([4, 1, 8, 8]), list: [10.75, 85.79166666666667, 89.33333333333333]
base: array([10,  5,  8,  3]), list: [92.08333333333333, 91.33333333333333, 92.33333333333333]
base: array([7, 1, 1, 3]), list: [10.75, 84.625, 88.58333333333333]
base: array([6, 6, 9, 7]), list: [10.75, 88.75, 86.04166666666667]
ga plot: [(5, (8, 8), (2, 2)), (9, (1, 1), (2, 2))]
ga plot: [(5, (8, 8), (2, 2)), (9, (1, 1), (2, 2))]
base: array([ 3, 10, 12,  1]), list: [83.66666666666667, 88.20833333333333, 90.875]
base: array([3, 7, 9, 2]), list: [93.95833333333333, 93.625, 93.04166666666667]
base: array([5, 7, 9, 2]), list: [92.79166666666667, 93.0, 94.20833333333333]
base: array([ 5, 12,  5,  7]), list: [10.75, 69.20833333333333, 53.333333333333336]
base: array([10,  8,  9,  1]), list: [76.16666666666667, 91.66666666666667, 92.91666666666667]
base: array([4, 8, 9, 1]), list: [88.16666666666667, 92.91666666666667, 92.0]
base: array([5, 1, 8, 8]), list: [10.75, 84.41666666666667, 88.91666666666667]
base: array([4, 5, 8, 3]), list: [86.875, 92.54166666666667, 92.91666666666667]
base: array([6, 6, 9, 7]), list: [81.08333333333333, 90.0, 87.33333333333333]
base: array([6, 6, 9, 7]), list: [84.91666666666667, 86.91666666666667, 87.04166666666667]
base: array([6, 6, 9, 7]), list: [82.875, 89.875, 87.83333333333333]
base: array([10,  1,  8,  8]), list: [10.75, 86.83333333333333, 87.33333333333333]
ga plot: [(5, (7, 7), (2, 2)), (9, (2, 2), (2, 2))]
ga plot: [(5, (7, 7), (2, 2)), (9, (2, 2), (2, 2))]
base: array([3, 7, 9, 2]), list: [89.58333333333333, 92.16666666666667, 93.29166666666667]
base: array([5, 8, 7, 8]), list: [10.75, 89.04166666666667, 50.541666666666664]
base: array([10,  1,  9,  1]), list: [10.75, 88.70833333333333, 87.125]
base: array([5, 1, 8, 8]), list: [10.75, 86.29166666666667, 82.66666666666667]
base: array([4, 8, 8, 3]), list: [84.625, 91.91666666666667, 93.20833333333333]
base: array([5, 1, 8, 8]), list: [10.75, 80.0, 87.5]
base: array([4, 5, 9, 1]), list: [86.5, 88.29166666666667, 92.75]
base: array([5, 1, 8, 8]), list: [10.75, 81.41666666666667, 91.25]
base: array([4, 6, 8, 3]), list: [86.79166666666667, 92.625, 92.70833333333333]
base: array([6, 6, 9, 7]), list: [81.66666666666667, 86.20833333333333, 84.58333333333333]
base: array([6, 6, 8, 7]), list: [84.79166666666667, 91.375, 86.79166666666667]
base: array([6, 5, 9, 7]), list: [87.75, 88.75, 91.08333333333333]
ga plot: [(5, (7, 7), (2, 2)), (9, (2, 2), (2, 2))]
ga plot: [(5, (7, 7), (2, 2)), (9, (2, 2), (2, 2))]
base: array([3, 1, 8, 2]), list: [10.75, 89.83333333333333, 91.25]
base: array([3, 7, 9, 2]), list: [89.95833333333333, 92.91666666666667, 91.54166666666667]
base: array([9, 1, 9, 1]), list: [10.75, 88.875, 85.70833333333333]
base: array([5, 7, 9, 8]), list: [10.75, 59.458333333333336, 88.54166666666667]
base: array([4, 6, 8, 3]), list: [90.25, 89.95833333333333, 91.875]
base: array([3, 1, 8, 1]), list: [10.75, 85.66666666666667, 86.95833333333333]
base: array([5, 1, 8, 8]), list: [10.75, 84.875, 89.54166666666667]
base: array([5, 5, 9, 8]), list: [76.58333333333333, 90.375, 86.625]
base: array([4, 6, 9, 3]), list: [91.375, 89.58333333333333, 92.33333333333333]
base: array([6, 6, 8, 7]), list: [72.375, 88.58333333333333, 88.91666666666667]
base: array([6, 6, 8, 7]), list: [81.04166666666667, 87.95833333333333, 87.04166666666667]
base: array([6, 6, 8, 7]), list: [79.08333333333333, 89.33333333333333, 83.625]
ga plot: [(5, (7, 7), (2, 2)), (9, (2, 2), (2, 2))]
ga plot: [(5, (7, 7), (2, 2)), (9, (2, 2), (2, 2))]
base: array([3, 1, 8, 2]), list: [10.75, 91.45833333333333, 92.08333333333333]
base: array([5, 1, 8, 2]), list: [10.75, 91.33333333333333, 92.70833333333333]
base: array([3, 1, 8, 8]), list: [10.75, 81.0, 88.54166666666667]
base: array([9, 1, 9, 1]), list: [10.75, 88.45833333333333, 88.79166666666667]
base: array([4, 6, 8, 3]), list: [10.75, 91.125, 92.125]
base: array([4, 6, 8, 3]), list: [10.75, 88.41666666666667, 92.04166666666667]
base: array([4, 6, 8, 7]), list: [75.58333333333333, 83.25, 83.25]
base: array([4, 6, 8, 3]), list: [85.875, 92.58333333333333, 93.08333333333333]
base: array([4, 6, 8, 2]), list: [91.875, 92.5, 93.75]
base: array([4, 6, 9, 3]), list: [79.95833333333333, 90.45833333333333, 93.375]
base: array([6, 6, 9, 3]), list: [86.125, 89.125, 92.70833333333333]
base: array([6, 6, 8, 7]), list: [10.75, 88.70833333333333, 82.0]
ga plot: [(5, (7, 7), (2, 2)), (9, (2, 2), (2, 2))]
ga plot: [(5, (7, 7), (2, 2)), (9, (2, 2), (2, 2))]
base: array([3, 1, 8, 2]), list: [10.75, 90.70833333333333, 91.83333333333333]
base: array([5, 1, 8, 2]), list: [10.75, 10.75, 93.08333333333333]
base: array([5, 1, 8, 2]), list: [10.75, 10.75, 93.08333333333333]
base: array([5, 1, 8, 2]), list: [10.75, 10.75, 93.08333333333333]
base: array([4, 6, 8, 3]), list: [89.25, 83.33333333333333, 90.625]
base: array([3, 6, 8, 3]), list: [90.20833333333333, 91.45833333333333, 91.5]
base: array([4, 1, 8, 2]), list: [10.75, 90.66666666666667, 93.04166666666667]
base: array([4, 6, 8, 3]), list: [84.83333333333333, 90.0, 91.54166666666667]
base: array([4, 6, 8, 3]), list: [88.83333333333333, 80.75, 93.125]
base: array([4, 6, 8, 3]), list: [91.04166666666667, 90.0, 93.91666666666667]
base: array([4, 6, 8, 3]), list: [85.25, 88.41666666666667, 93.29166666666667]
base: array([4, 6, 8, 3]), list: [84.70833333333333, 86.91666666666667, 91.5]
ga plot: [(5, (7, 7), (2, 2)), (9, (2, 2), (2, 2))]
ga plot: [(5, (7, 7), (2, 2)), (9, (2, 2), (2, 2))]
base: array([5, 1, 8, 2]), list: [10.75, 91.33333333333333, 93.04166666666667]
base: array([5, 1, 8, 2]), list: [10.75, 91.33333333333333, 93.04166666666667]
base: array([5, 1, 8, 2]), list: [10.75, 91.33333333333333, 93.04166666666667]
base: array([5, 1, 8, 2]), list: [10.75, 91.33333333333333, 93.04166666666667]
base: array([3, 6, 8, 3]), list: [84.08333333333333, 88.29166666666667, 92.33333333333333]
base: array([4, 1, 8, 2]), list: [10.75, 88.83333333333333, 92.45833333333333]
base: array([5, 1, 8, 2]), list: [10.75, 90.875, 85.58333333333333]
base: array([5, 6, 8, 3]), list: [87.625, 92.54166666666667, 93.29166666666667]
base: array([4, 1, 8, 2]), list: [10.75, 82.625, 84.375]
base: array([4, 6, 8, 3]), list: [85.375, 90.5, 93.20833333333333]
base: array([4, 1, 8, 2]), list: [10.75, 89.83333333333333, 92.33333333333333]
base: array([4, 5, 8, 3]), list: [90.33333333333333, 93.54166666666667, 92.33333333333333]
ga plot: [(5, (7, 7), (2, 2)), (9, (2, 2), (2, 2))]
ga plot: [(5, (7, 7), (2, 2)), (9, (2, 2), (2, 2))]
base: array([5, 1, 7, 1]), list: [10.75, 87.04166666666667, 88.25]
base: array([5, 1, 8, 2]), list: [10.75, 90.91666666666667, 92.875]
base: array([5, 1, 8, 2]), list: [10.75, 90.91666666666667, 92.875]
base: array([5, 1, 8, 2]), list: [10.75, 90.91666666666667, 92.875]
base: array([3, 6, 8, 3]), list: [91.58333333333333, 90.75, 92.0]
base: array([4, 1, 8, 2]), list: [10.75, 91.54166666666667, 92.41666666666667]
base: array([5, 6, 8, 2]), list: [90.125, 95.04166666666667, 92.33333333333333]
base: array([5, 1, 8, 3]), list: [10.75, 89.875, 92.91666666666667]
base: array([4, 5, 8, 2]), list: [10.75, 90.79166666666667, 93.29166666666667]
base: array([4, 1, 8, 3]), list: [10.75, 91.5, 92.91666666666667]
base: array([4, 1, 8, 2]), list: [10.75, 10.75, 92.95833333333333]
base: array([4, 1, 8, 2]), list: [10.75, 91.91666666666667, 92.625]
ga plot: [(5, (6, 6), (2, 2)), (8, (2, 2), (2, 2))]
ga plot: [(5, (6, 6), (2, 2)), (8, (2, 2), (2, 2))]
base: array([5, 6, 8, 1]), list: [89.54166666666667, 88.375, 91.29166666666667]
base: array([5, 1, 8, 2]), list: [10.75, 88.875, 92.83333333333333]
base: array([5, 1, 8, 2]), list: [10.75, 88.875, 92.83333333333333]
base: array([5, 1, 8, 2]), list: [10.75, 88.875, 92.83333333333333]
base: array([3, 1, 7, 3]), list: [10.75, 90.25, 92.70833333333333]
base: array([3, 6, 8, 3]), list: [90.29166666666667, 89.20833333333333, 94.25]
base: array([5, 6, 8, 2]), list: [91.08333333333333, 92.5, 94.04166666666667]
base: array([5, 1, 8, 2]), list: [10.75, 91.875, 92.66666666666667]
base: array([4, 1, 8, 2]), list: [10.75, 91.58333333333333, 92.75]
base: array([4, 1, 8, 2]), list: [10.75, 10.75, 92.125]
base: array([4, 5, 8, 2]), list: [85.20833333333333, 93.54166666666667, 91.79166666666667]
base: array([4, 1, 8, 2]), list: [10.75, 75.91666666666667, 92.125]
ga plot: [(5, (6, 6), (2, 2)), (8, (2, 2), (2, 2))]
ga plot: [(5, (6, 6), (2, 2)), (8, (2, 2), (2, 2))]
base: array([2, 6, 7, 3]), list: [82.375, 84.83333333333333, 91.20833333333333]
base: array([3, 1, 7, 3]), list: [10.75, 91.375, 92.75]
base: array([5, 6, 8, 1]), list: [90.29166666666667, 92.375, 91.16666666666667]
base: array([5, 1, 8, 2]), list: [10.75, 89.375, 92.54166666666667]
base: array([4, 5, 8, 2]), list: [79.0, 91.16666666666667, 93.75]
base: array([3, 1, 7, 2]), list: [10.75, 89.33333333333333, 92.25]
base: array([2, 1, 6, 3]), list: [10.75, 90.70833333333333, 91.79166666666667]
base: array([4, 5, 8, 2]), list: [93.04166666666667, 90.33333333333333, 92.04166666666667]
base: array([3, 1, 7, 2]), list: [10.75, 90.83333333333333, 91.91666666666667]
base: array([4, 5, 8, 2]), list: [81.95833333333333, 94.125, 92.79166666666667]
base: array([4, 1, 8, 2]), list: [10.75, 10.75, 92.95833333333333]
base: array([4, 1, 8, 2]), list: [10.75, 10.75, 86.04166666666667]
ga plot: [(5, (6, 6), (2, 2)), (8, (2, 2), (2, 2))]
ga plot: [(5, (6, 6), (2, 2)), (8, (2, 2), (2, 2))]
base: array([2, 1, 6, 3]), list: [10.75, 10.75, 92.41666666666667]
base: array([3, 6, 7, 3]), list: [85.95833333333333, 92.29166666666667, 90.20833333333333]
base: array([2, 1, 7, 3]), list: [10.75, 92.70833333333333, 91.95833333333333]
base: array([5, 1, 8, 2]), list: [10.75, 90.0, 91.0]
base: array([4, 5, 8, 2]), list: [10.75, 82.625, 91.25]
base: array([4, 5, 8, 2]), list: [10.75, 91.83333333333333, 92.5]
base: array([4, 1, 8, 2]), list: [10.75, 90.75, 92.41666666666667]
base: array([4, 5, 8, 2]), list: [81.83333333333333, 93.20833333333333, 91.95833333333333]
base: array([3, 1, 7, 2]), list: [10.75, 91.20833333333333, 92.83333333333333]
base: array([3, 1, 6, 1]), list: [10.75, 89.83333333333333, 88.125]
base: array([4, 1, 7, 1]), list: [10.75, 86.54166666666667, 90.125]
base: array([3, 1, 7, 2]), list: [10.75, 90.54166666666667, 92.25]
ga plot: [(5, (6, 6), (2, 2)), (8, (2, 2), (2, 2))]
ga plot: [(5, (6, 6), (2, 2)), (8, (2, 2), (2, 2))]
base: array([1, 6, 5, 3]), list: [10.75, 88.33333333333333, 88.45833333333333]
base: array([2, 5, 6, 3]), list: [86.83333333333333, 87.25, 91.875]
base: array([3, 1, 7, 3]), list: [10.75, 90.5, 91.29166666666667]
base: array([5, 1, 8, 2]), list: [10.75, 88.83333333333333, 93.125]
base: array([4, 5, 8, 2]), list: [82.91666666666667, 82.66666666666667, 91.16666666666667]
